#           k/h    P           
   0.100000E-03   0.358744E+03
   0.102020E-03   0.367186E+03
   0.104081E-03   0.375765E+03
   0.106184E-03   0.384483E+03
   0.108329E-03   0.393343E+03
   0.110517E-03   0.402349E+03
   0.112750E-03   0.411505E+03
   0.115027E-03   0.420815E+03
   0.117351E-03   0.430283E+03
   0.119722E-03   0.439910E+03
   0.122140E-03   0.449702E+03
   0.124608E-03   0.459660E+03
   0.127125E-03   0.469789E+03
   0.129693E-03   0.480092E+03
   0.132313E-03   0.490574E+03
   0.134986E-03   0.501237E+03
   0.137713E-03   0.512086E+03
   0.140495E-03   0.523125E+03
   0.143333E-03   0.534358E+03
   0.146228E-03   0.545789E+03
   0.149182E-03   0.557422E+03
   0.152196E-03   0.569261E+03
   0.155271E-03   0.581311E+03
   0.158407E-03   0.593577E+03
   0.161607E-03   0.606061E+03
   0.164872E-03   0.618771E+03
   0.168203E-03   0.631709E+03
   0.171601E-03   0.644880E+03
   0.175067E-03   0.658291E+03
   0.178604E-03   0.671944E+03
   0.182212E-03   0.685846E+03
   0.185893E-03   0.700001E+03
   0.189648E-03   0.714415E+03
   0.193479E-03   0.729093E+03
   0.197388E-03   0.744040E+03
   0.201375E-03   0.759262E+03
   0.205443E-03   0.774764E+03
   0.209594E-03   0.790553E+03
   0.213828E-03   0.806632E+03
   0.218147E-03   0.823010E+03
   0.222554E-03   0.839691E+03
   0.227050E-03   0.856681E+03
   0.231637E-03   0.873987E+03
   0.236316E-03   0.891615E+03
   0.241090E-03   0.909572E+03
   0.245960E-03   0.927864E+03
   0.250929E-03   0.946497E+03
   0.255998E-03   0.965478E+03
   0.261170E-03   0.984815E+03
   0.266446E-03   0.100451E+04
   0.271828E-03   0.102458E+04
   0.277319E-03   0.104503E+04
   0.282922E-03   0.106585E+04
   0.288637E-03   0.108707E+04
   0.294468E-03   0.110869E+04
   0.300417E-03   0.113071E+04
   0.306485E-03   0.115315E+04
   0.312677E-03   0.117601E+04
   0.318993E-03   0.119931E+04
   0.325437E-03   0.122304E+04
   0.332012E-03   0.124721E+04
   0.338719E-03   0.127185E+04
   0.345561E-03   0.129695E+04
   0.352542E-03   0.132252E+04
   0.359664E-03   0.134857E+04
   0.366930E-03   0.137512E+04
   0.374342E-03   0.140216E+04
   0.381904E-03   0.142972E+04
   0.389619E-03   0.145779E+04
   0.397490E-03   0.148640E+04
   0.405520E-03   0.151554E+04
   0.413712E-03   0.154523E+04
   0.422070E-03   0.157549E+04
   0.430596E-03   0.160631E+04
   0.439295E-03   0.163771E+04
   0.448169E-03   0.166971E+04
   0.457222E-03   0.170231E+04
   0.466459E-03   0.173552E+04
   0.475882E-03   0.176935E+04
   0.485496E-03   0.180382E+04
   0.495303E-03   0.183894E+04
   0.505309E-03   0.187472E+04
   0.515517E-03   0.191117E+04
   0.525931E-03   0.194830E+04
   0.536556E-03   0.198613E+04
   0.547395E-03   0.202467E+04
   0.558453E-03   0.206392E+04
   0.569734E-03   0.210391E+04
   0.581244E-03   0.214465E+04
   0.592986E-03   0.218615E+04
   0.604965E-03   0.222842E+04
   0.617186E-03   0.227147E+04
   0.629654E-03   0.231533E+04
   0.642374E-03   0.236000E+04
   0.655350E-03   0.240550E+04
   0.668589E-03   0.245185E+04
   0.682096E-03   0.249905E+04
   0.695875E-03   0.254712E+04
   0.709933E-03   0.259608E+04
   0.724274E-03   0.264594E+04
   0.738906E-03   0.269672E+04
   0.753832E-03   0.274843E+04
   0.769061E-03   0.280109E+04
   0.784597E-03   0.285472E+04
   0.800447E-03   0.290932E+04
   0.816617E-03   0.296492E+04
   0.833114E-03   0.302153E+04
   0.849944E-03   0.307918E+04
   0.867114E-03   0.313786E+04
   0.884631E-03   0.319761E+04
   0.902501E-03   0.325844E+04
   0.920733E-03   0.332037E+04
   0.939333E-03   0.338341E+04
   0.958309E-03   0.344758E+04
   0.977668E-03   0.351290E+04
   0.997418E-03   0.357938E+04
   0.101757E-02   0.364705E+04
   0.103812E-02   0.371593E+04
   0.105910E-02   0.378602E+04
   0.108049E-02   0.385735E+04
   0.110232E-02   0.392994E+04
   0.112459E-02   0.400380E+04
   0.114730E-02   0.407896E+04
   0.117048E-02   0.415542E+04
   0.119413E-02   0.423322E+04
   0.121825E-02   0.431237E+04
   0.124286E-02   0.439288E+04
   0.126797E-02   0.447478E+04
   0.129358E-02   0.455808E+04
   0.131971E-02   0.464281E+04
   0.134637E-02   0.472898E+04
   0.137357E-02   0.481661E+04
   0.140132E-02   0.490571E+04
   0.142963E-02   0.499632E+04
   0.145851E-02   0.508844E+04
   0.148797E-02   0.518209E+04
   0.151803E-02   0.527729E+04
   0.154870E-02   0.537407E+04
   0.157998E-02   0.547243E+04
   0.161190E-02   0.557240E+04
   0.164446E-02   0.567398E+04
   0.167768E-02   0.577721E+04
   0.171158E-02   0.588210E+04
   0.174615E-02   0.598866E+04
   0.178143E-02   0.609690E+04
   0.181741E-02   0.620686E+04
   0.185413E-02   0.631853E+04
   0.189158E-02   0.643195E+04
   0.192980E-02   0.654711E+04
   0.196878E-02   0.666404E+04
   0.200855E-02   0.678275E+04
   0.204913E-02   0.690326E+04
   0.209052E-02   0.702557E+04
   0.213276E-02   0.714970E+04
   0.217584E-02   0.727567E+04
   0.221979E-02   0.740347E+04
   0.226464E-02   0.753313E+04
   0.231039E-02   0.766466E+04
   0.235706E-02   0.779806E+04
   0.240467E-02   0.793333E+04
   0.245325E-02   0.807050E+04
   0.250281E-02   0.820957E+04
   0.255337E-02   0.835054E+04
   0.260495E-02   0.849341E+04
   0.265758E-02   0.863820E+04
   0.271126E-02   0.878490E+04
   0.276603E-02   0.893352E+04
   0.282191E-02   0.908406E+04
   0.287892E-02   0.923652E+04
   0.293708E-02   0.939089E+04
   0.299641E-02   0.954718E+04
   0.305694E-02   0.970538E+04
   0.311870E-02   0.986549E+04
   0.318170E-02   0.100275E+05
   0.324597E-02   0.101914E+05
   0.331155E-02   0.103572E+05
   0.337844E-02   0.105248E+05
   0.344669E-02   0.106944E+05
   0.351632E-02   0.108657E+05
   0.358735E-02   0.110389E+05
   0.365982E-02   0.112139E+05
   0.373376E-02   0.113907E+05
   0.380918E-02   0.115693E+05
   0.388613E-02   0.117496E+05
   0.396464E-02   0.119317E+05
   0.404473E-02   0.121154E+05
   0.412644E-02   0.123009E+05
   0.420980E-02   0.124879E+05
   0.429484E-02   0.126765E+05
   0.438160E-02   0.128667E+05
   0.447012E-02   0.130584E+05
   0.456042E-02   0.132516E+05
   0.465255E-02   0.134464E+05
   0.474653E-02   0.136426E+05
   0.484242E-02   0.138402E+05
   0.494024E-02   0.140390E+05
   0.504004E-02   0.142388E+05
   0.514186E-02   0.144398E+05
   0.524573E-02   0.146419E+05
   0.535170E-02   0.148451E+05
   0.545981E-02   0.150493E+05
   0.557011E-02   0.152544E+05
   0.568263E-02   0.154603E+05
   0.579743E-02   0.156669E+05
   0.591455E-02   0.158742E+05
   0.603403E-02   0.160820E+05
   0.615592E-02   0.162902E+05
   0.628028E-02   0.164988E+05
   0.640715E-02   0.167078E+05
   0.653658E-02   0.169170E+05
   0.666863E-02   0.171263E+05
   0.680335E-02   0.173356E+05
   0.694078E-02   0.175448E+05
   0.708100E-02   0.177537E+05
   0.722404E-02   0.179622E+05
   0.736998E-02   0.181703E+05
   0.751886E-02   0.183777E+05
   0.767075E-02   0.185844E+05
   0.782571E-02   0.187902E+05
   0.798380E-02   0.189949E+05
   0.814509E-02   0.191983E+05
   0.830963E-02   0.194004E+05
   0.847750E-02   0.196010E+05
   0.864875E-02   0.197998E+05
   0.882347E-02   0.199968E+05
   0.900171E-02   0.201918E+05
   0.918356E-02   0.203846E+05
   0.936908E-02   0.205750E+05
   0.955835E-02   0.207628E+05
   0.975144E-02   0.209478E+05
   0.994843E-02   0.211298E+05
   0.101494E-01   0.213087E+05
   0.103544E-01   0.214842E+05
   0.105636E-01   0.216560E+05
   0.107770E-01   0.218241E+05
   0.109947E-01   0.219881E+05
   0.112168E-01   0.221478E+05
   0.114434E-01   0.223031E+05
   0.116746E-01   0.224535E+05
   0.119104E-01   0.225990E+05
   0.121510E-01   0.227393E+05
   0.123965E-01   0.228741E+05
   0.126469E-01   0.230032E+05
   0.129024E-01   0.231263E+05
   0.131631E-01   0.232431E+05
   0.134290E-01   0.233534E+05
   0.137003E-01   0.234570E+05
   0.139770E-01   0.235536E+05
   0.142594E-01   0.236429E+05
   0.145474E-01   0.237246E+05
   0.148413E-01   0.237986E+05
   0.151411E-01   0.238645E+05
   0.154470E-01   0.239220E+05
   0.157590E-01   0.239710E+05
   0.160774E-01   0.240112E+05
   0.164022E-01   0.240423E+05
   0.167335E-01   0.240641E+05
   0.170716E-01   0.240764E+05
   0.174164E-01   0.240789E+05
   0.177683E-01   0.240714E+05
   0.181272E-01   0.240537E+05
   0.184934E-01   0.240256E+05
   0.188670E-01   0.239870E+05
   0.192481E-01   0.239377E+05
   0.196370E-01   0.238775E+05
   0.200337E-01   0.238063E+05
   0.204384E-01   0.237241E+05
   0.208513E-01   0.236306E+05
   0.212725E-01   0.235259E+05
   0.217022E-01   0.234100E+05
   0.221406E-01   0.232827E+05
   0.225879E-01   0.231442E+05
   0.230442E-01   0.229944E+05
   0.235097E-01   0.228336E+05
   0.239847E-01   0.226617E+05
   0.244692E-01   0.224790E+05
   0.249635E-01   0.222856E+05
   0.254678E-01   0.220819E+05
   0.259823E-01   0.218679E+05
   0.265072E-01   0.216442E+05
   0.270426E-01   0.214109E+05
   0.275889E-01   0.211686E+05
   0.281463E-01   0.209177E+05
   0.287149E-01   0.206586E+05
   0.292949E-01   0.203918E+05
   0.298867E-01   0.201180E+05
   0.304905E-01   0.198378E+05
   0.311064E-01   0.195517E+05
   0.317348E-01   0.192605E+05
   0.323759E-01   0.189649E+05
   0.330299E-01   0.186657E+05
   0.336972E-01   0.183635E+05
   0.343779E-01   0.180593E+05
   0.350724E-01   0.177538E+05
   0.357809E-01   0.174478E+05
   0.365038E-01   0.171422E+05
   0.372412E-01   0.168378E+05
   0.379935E-01   0.165355E+05
   0.387610E-01   0.162361E+05
   0.395440E-01   0.159403E+05
   0.403429E-01   0.156490E+05
   0.411579E-01   0.153629E+05
   0.419893E-01   0.150827E+05
   0.428375E-01   0.148090E+05
   0.437029E-01   0.145424E+05
   0.445858E-01   0.142835E+05
   0.454865E-01   0.140327E+05
   0.464053E-01   0.137903E+05
   0.473428E-01   0.135566E+05
   0.482992E-01   0.133318E+05
   0.492749E-01   0.131159E+05
   0.502703E-01   0.129089E+05
   0.512858E-01   0.127105E+05
   0.523219E-01   0.125204E+05
   0.533789E-01   0.123383E+05
   0.544572E-01   0.121635E+05
   0.555573E-01   0.119953E+05
   0.566796E-01   0.118329E+05
   0.578246E-01   0.116753E+05
   0.589927E-01   0.115214E+05
   0.601845E-01   0.113700E+05
   0.614003E-01   0.112198E+05
   0.626407E-01   0.110695E+05
   0.639061E-01   0.109175E+05
   0.651971E-01   0.107623E+05
   0.665142E-01   0.106028E+05
   0.678578E-01   0.104379E+05
   0.692287E-01   0.102661E+05
   0.706272E-01   0.100860E+05
   0.720539E-01   0.989661E+04
   0.735095E-01   0.969698E+04
   0.749945E-01   0.948739E+04
   0.765095E-01   0.926847E+04
   0.780551E-01   0.904003E+04
   0.796319E-01   0.880194E+04
   0.812406E-01   0.855514E+04
   0.828817E-01   0.830106E+04
   0.845561E-01   0.804159E+04
   0.862642E-01   0.777909E+04
   0.880068E-01   0.751627E+04
   0.897847E-01   0.725588E+04
   0.915985E-01   0.700043E+04
   0.934489E-01   0.675209E+04
   0.953367E-01   0.651281E+04
   0.972626E-01   0.628435E+04
   0.992274E-01   0.606861E+04
   0.101232E+00   0.586736E+04
   0.103277E+00   0.568200E+04
   0.105363E+00   0.551339E+04
   0.107492E+00   0.536133E+04
   0.109663E+00   0.522505E+04
   0.111879E+00   0.510314E+04
   0.114139E+00   0.499386E+04
   0.116445E+00   0.489519E+04
   0.118797E+00   0.480448E+04
   0.121197E+00   0.471865E+04
   0.123645E+00   0.463430E+04
   0.126143E+00   0.454819E+04
   0.128691E+00   0.445746E+04
   0.131291E+00   0.435969E+04
   0.133943E+00   0.425286E+04
   0.136649E+00   0.413564E+04
   0.139409E+00   0.400776E+04
   0.142226E+00   0.387038E+04
   0.145099E+00   0.372574E+04
   0.148030E+00   0.357670E+04
   0.151020E+00   0.342651E+04
   0.154071E+00   0.327864E+04
   0.157184E+00   0.313676E+04
   0.160359E+00   0.300418E+04
   0.163598E+00   0.288340E+04
   0.166903E+00   0.277586E+04
   0.170275E+00   0.268202E+04
   0.173715E+00   0.260131E+04
   0.177224E+00   0.253208E+04
   0.180804E+00   0.247154E+04
   0.184457E+00   0.241612E+04
   0.188183E+00   0.236210E+04
   0.191985E+00   0.230618E+04
   0.195863E+00   0.224565E+04
   0.199820E+00   0.217857E+04
   0.203856E+00   0.210427E+04
   0.207974E+00   0.202362E+04
   0.212176E+00   0.193892E+04
   0.216462E+00   0.185331E+04
   0.220835E+00   0.177014E+04
   0.225296E+00   0.169237E+04
   0.229847E+00   0.162217E+04
   0.234490E+00   0.156073E+04
   0.239227E+00   0.150790E+04
   0.244060E+00   0.146202E+04
   0.248990E+00   0.142067E+04
   0.254020E+00   0.138112E+04
   0.259152E+00   0.134055E+04
   0.264387E+00   0.129709E+04
   0.269728E+00   0.125006E+04
   0.275177E+00   0.120000E+04
   0.280736E+00   0.114867E+04
   0.286407E+00   0.109827E+04
   0.292193E+00   0.105095E+04
   0.298096E+00   0.100816E+04
   0.304118E+00   0.970328E+03
   0.310261E+00   0.936682E+03
   0.316529E+00   0.905698E+03
   0.322923E+00   0.875650E+03
   0.329447E+00   0.845005E+03
   0.336102E+00   0.813008E+03
   0.342892E+00   0.780025E+03
   0.349819E+00   0.747010E+03
   0.356885E+00   0.715244E+03
   0.364095E+00   0.685774E+03
   0.371450E+00   0.658945E+03
   0.378954E+00   0.634338E+03
   0.386609E+00   0.611103E+03
   0.394419E+00   0.588280E+03
   0.402387E+00   0.565308E+03
   0.410516E+00   0.542228E+03
   0.418809E+00   0.519513E+03
   0.427269E+00   0.497816E+03
   0.435901E+00   0.477516E+03
   0.444706E+00   0.458581E+03
   0.453690E+00   0.440640E+03
   0.462855E+00   0.423209E+03
   0.472206E+00   0.406050E+03
   0.481745E+00   0.389186E+03
   0.491477E+00   0.372896E+03
   0.501405E+00   0.357399E+03
   0.511534E+00   0.342750E+03
   0.521868E+00   0.328787E+03
   0.532411E+00   0.315306E+03
   0.543166E+00   0.302192E+03
   0.554139E+00   0.289490E+03
   0.565333E+00   0.277296E+03
   0.576753E+00   0.265675E+03
   0.588404E+00   0.254570E+03
   0.600291E+00   0.243897E+03
   0.612418E+00   0.233590E+03
   0.624789E+00   0.223661E+03
   0.637411E+00   0.214142E+03
   0.650288E+00   0.205032E+03
   0.663424E+00   0.196305E+03
   0.676826E+00   0.187914E+03
   0.690499E+00   0.179847E+03
   0.704448E+00   0.172110E+03
   0.718679E+00   0.164697E+03
   0.733197E+00   0.157591E+03
   0.748009E+00   0.150773E+03
   0.763119E+00   0.144231E+03
   0.778536E+00   0.137959E+03
   0.794263E+00   0.131950E+03
   0.810308E+00   0.126191E+03
   0.826677E+00   0.120670E+03
   0.843378E+00   0.115377E+03
   0.860415E+00   0.110306E+03
   0.877797E+00   0.105447E+03
   0.895529E+00   0.100792E+03
   0.913620E+00   0.963347E+02
   0.932076E+00   0.920657E+02
   0.950906E+00   0.879780E+02
   0.970115E+00   0.840641E+02
   0.989713E+00   0.803172E+02
   0.100971E+01   0.767303E+02
   0.103010E+01   0.732970E+02
   0.105091E+01   0.700110E+02
   0.107214E+01   0.668665E+02
   0.109380E+01   0.638575E+02
   0.111590E+01   0.609787E+02
   0.113844E+01   0.582248E+02
   0.116144E+01   0.555905E+02
   0.118490E+01   0.530710E+02
   0.120884E+01   0.506615E+02
   0.123326E+01   0.483576E+02
   0.125817E+01   0.461546E+02
   0.128359E+01   0.440485E+02
   0.130952E+01   0.420352E+02
   0.133597E+01   0.401107E+02
   0.136296E+01   0.382712E+02
   0.139049E+01   0.365133E+02
   0.141858E+01   0.348333E+02
   0.144724E+01   0.332282E+02
   0.147648E+01   0.316946E+02
   0.150630E+01   0.302295E+02
   0.153673E+01   0.288301E+02
   0.156778E+01   0.274936E+02
   0.159945E+01   0.262171E+02
   0.163176E+01   0.249983E+02
   0.166472E+01   0.238345E+02
   0.169835E+01   0.227232E+02
   0.173266E+01   0.216622E+02
   0.176766E+01   0.206491E+02
   0.180337E+01   0.196819E+02
   0.183980E+01   0.187585E+02
   0.187697E+01   0.178769E+02
   0.191489E+01   0.170354E+02
   0.195357E+01   0.162324E+02
   0.199304E+01   0.154664E+02
   0.203330E+01   0.147358E+02
   0.207437E+01   0.140392E+02
   0.211628E+01   0.133753E+02
   0.215903E+01   0.127426E+02
