#          k/h    CDM            baryon         photon         nu             mass_nu        total          no_nu          total_de       Weyl           v_CDM          v_b            v_b-v_c     
   0.358019E-04   0.118649E+08   0.118649E+08   0.157276E+08   0.157184E+08   0.118654E+08   0.118649E+08   0.118649E+08   0.118687E+08  -0.478992E+00   0.102993E+08   0.102993E+08   0.105175E+02
   0.490237E-04   0.151869E+08   0.151869E+08   0.200282E+08   0.200231E+08   0.151872E+08   0.151869E+08   0.151869E+08   0.151917E+08  -0.478985E+00   0.102991E+08   0.102991E+08   0.184032E+02
   0.620106E-04   0.166104E+08   0.166104E+08   0.217617E+08   0.217528E+08   0.166103E+08   0.166104E+08   0.166104E+08   0.166156E+08  -0.478976E+00   0.102990E+08   0.102990E+08   0.254135E+02
   0.748850E-04   0.173559E+08   0.173558E+08   0.225559E+08   0.225424E+08   0.173553E+08   0.173559E+08   0.173559E+08   0.173613E+08  -0.478965E+00   0.102988E+08   0.102988E+08   0.319951E+02
   0.876963E-04   0.177962E+08   0.177961E+08   0.229087E+08   0.228899E+08   0.177949E+08   0.177961E+08   0.177962E+08   0.178016E+08  -0.478952E+00   0.102985E+08   0.102985E+08   0.383177E+02
   0.100469E-03   0.180782E+08   0.180781E+08   0.230171E+08   0.229922E+08   0.180762E+08   0.180782E+08   0.180782E+08   0.180837E+08  -0.478936E+00   0.102983E+08   0.102983E+08   0.444580E+02
   0.113215E-03   0.182697E+08   0.182697E+08   0.229725E+08   0.229408E+08   0.182669E+08   0.182697E+08   0.182697E+08   0.182752E+08  -0.478919E+00   0.102980E+08   0.102980E+08   0.504546E+02
   0.125944E-03   0.184057E+08   0.184057E+08   0.228226E+08   0.227836E+08   0.184019E+08   0.184057E+08   0.184057E+08   0.184112E+08  -0.478900E+00   0.102976E+08   0.102976E+08   0.563272E+02
   0.138660E-03   0.185058E+08   0.185057E+08   0.225947E+08   0.225478E+08   0.185008E+08   0.185057E+08   0.185057E+08   0.185111E+08  -0.478879E+00   0.102973E+08   0.102972E+08   0.620861E+02
   0.151366E-03   0.185814E+08   0.185813E+08   0.223059E+08   0.222505E+08   0.185752E+08   0.185813E+08   0.185813E+08   0.185866E+08  -0.478856E+00   0.102969E+08   0.102968E+08   0.677361E+02
   0.164065E-03   0.186398E+08   0.186397E+08   0.219672E+08   0.219028E+08   0.186324E+08   0.186398E+08   0.186398E+08   0.186450E+08  -0.478831E+00   0.102964E+08   0.102964E+08   0.732785E+02
   0.176758E-03   0.186859E+08   0.186858E+08   0.215866E+08   0.215129E+08   0.186771E+08   0.186858E+08   0.186859E+08   0.186910E+08  -0.478804E+00   0.102959E+08   0.102959E+08   0.787131E+02
   0.189446E-03   0.187228E+08   0.187227E+08   0.211701E+08   0.210867E+08   0.187125E+08   0.187227E+08   0.187228E+08   0.187278E+08  -0.478776E+00   0.102954E+08   0.102954E+08   0.840381E+02
   0.202130E-03   0.187527E+08   0.187526E+08   0.207224E+08   0.206290E+08   0.187408E+08   0.187527E+08   0.187527E+08   0.187576E+08  -0.478745E+00   0.102949E+08   0.102948E+08   0.892512E+02
   0.214811E-03   0.187773E+08   0.187771E+08   0.202474E+08   0.201438E+08   0.187637E+08   0.187772E+08   0.187773E+08   0.187820E+08  -0.478713E+00   0.102943E+08   0.102943E+08   0.943494E+02
   0.227490E-03   0.187976E+08   0.187974E+08   0.197486E+08   0.196347E+08   0.187822E+08   0.187975E+08   0.187976E+08   0.188022E+08  -0.478679E+00   0.102937E+08   0.102936E+08   0.993297E+02
   0.240166E-03   0.188146E+08   0.188143E+08   0.192289E+08   0.191047E+08   0.187973E+08   0.188145E+08   0.188145E+08   0.188191E+08  -0.478644E+00   0.102931E+08   0.102930E+08   0.104189E+03
   0.265514E-03   0.188408E+08   0.188406E+08   0.181384E+08   0.179934E+08   0.188194E+08   0.188407E+08   0.188408E+08   0.188450E+08  -0.478567E+00   0.102917E+08   0.102916E+08   0.113532E+03
   0.278185E-03   0.188510E+08   0.188507E+08   0.175727E+08   0.174175E+08   0.188274E+08   0.188509E+08   0.188510E+08   0.188551E+08  -0.478526E+00   0.102910E+08   0.102909E+08   0.118011E+03
   0.303525E-03   0.188670E+08   0.188667E+08   0.164122E+08   0.162373E+08   0.188387E+08   0.188669E+08   0.188670E+08   0.188708E+08  -0.478440E+00   0.102894E+08   0.102893E+08   0.126566E+03
   0.316193E-03   0.188733E+08   0.188729E+08   0.158220E+08   0.156377E+08   0.188425E+08   0.188731E+08   0.188733E+08   0.188769E+08  -0.478395E+00   0.102885E+08   0.102884E+08   0.130640E+03
   0.341528E-03   0.188832E+08   0.188827E+08   0.146323E+08   0.144304E+08   0.188470E+08   0.188830E+08   0.188831E+08   0.188864E+08  -0.478299E+00   0.102868E+08   0.102866E+08   0.138366E+03
   0.366860E-03   0.188902E+08   0.188897E+08   0.134436E+08   0.132260E+08   0.188483E+08   0.188900E+08   0.188901E+08   0.188932E+08  -0.478198E+00   0.102849E+08   0.102847E+08   0.145523E+03
   0.392190E-03   0.188951E+08   0.188945E+08   0.122708E+08   0.120400E+08   0.188471E+08   0.188948E+08   0.188950E+08   0.188977E+08  -0.478091E+00   0.102829E+08   0.102827E+08   0.152103E+03
   0.417518E-03   0.188983E+08   0.188976E+08   0.111274E+08   0.108860E+08   0.188438E+08   0.188979E+08   0.188982E+08   0.189006E+08  -0.477980E+00   0.102808E+08   0.102806E+08   0.158103E+03
   0.442844E-03   0.189001E+08   0.188994E+08   0.100254E+08   0.977623E+07   0.188387E+08   0.188997E+08   0.189000E+08   0.189021E+08  -0.477863E+00   0.102786E+08   0.102784E+08   0.163523E+03
   0.468170E-03   0.189008E+08   0.189000E+08   0.897502E+07   0.872121E+07   0.188321E+08   0.189004E+08   0.189006E+08   0.189025E+08  -0.477741E+00   0.102762E+08   0.102760E+08   0.168370E+03
   0.506156E-03   0.189001E+08   0.188992E+08   0.751473E+07   0.725971E+07   0.188199E+08   0.188996E+08   0.189000E+08   0.189014E+08  -0.477551E+00   0.102726E+08   0.102723E+08   0.174586E+03
   0.544141E-03   0.188978E+08   0.188969E+08   0.621108E+07   0.596168E+07   0.188052E+08   0.188973E+08   0.188977E+08   0.188988E+08  -0.477352E+00   0.102686E+08   0.102683E+08   0.179581E+03
   0.582124E-03   0.188943E+08   0.188932E+08   0.507646E+07   0.483902E+07   0.187884E+08   0.188937E+08   0.188941E+08   0.188949E+08  -0.477144E+00   0.102645E+08   0.102642E+08   0.183420E+03
   0.620106E-03   0.188897E+08   0.188885E+08   0.411467E+07   0.389469E+07   0.187697E+08   0.188890E+08   0.188895E+08   0.188900E+08  -0.476929E+00   0.102602E+08   0.102598E+08   0.186177E+03
   0.658087E-03   0.188842E+08   0.188829E+08   0.332171E+07   0.312361E+07   0.187493E+08   0.188834E+08   0.188840E+08   0.188842E+08  -0.476706E+00   0.102556E+08   0.102553E+08   0.187940E+03
   0.708728E-03   0.188757E+08   0.188742E+08   0.250800E+07   0.234376E+07   0.187198E+08   0.188748E+08   0.188754E+08   0.188754E+08  -0.476399E+00   0.102493E+08   0.102489E+08   0.188903E+03
   0.759367E-03   0.188660E+08   0.188645E+08   0.193641E+07   0.180848E+07   0.186878E+08   0.188651E+08   0.188658E+08   0.188655E+08  -0.476080E+00   0.102427E+08   0.102423E+08   0.188489E+03
   0.810005E-03   0.188555E+08   0.188538E+08   0.155863E+07   0.146643E+07   0.186536E+08   0.188544E+08   0.188552E+08   0.188548E+08  -0.475752E+00   0.102358E+08   0.102354E+08   0.186921E+03
   0.860642E-03   0.188441E+08   0.188423E+08   0.132320E+07   0.126360E+07   0.186174E+08   0.188429E+08   0.188438E+08   0.188432E+08  -0.475413E+00   0.102287E+08   0.102282E+08   0.184413E+03
   0.923938E-03   0.188289E+08   0.188270E+08   0.115538E+07   0.112925E+07   0.185694E+08   0.188275E+08   0.188286E+08   0.188278E+08  -0.474976E+00   0.102194E+08   0.102189E+08   0.180248E+03
   0.987233E-03   0.188127E+08   0.188107E+08   0.105531E+07   0.105275E+07   0.185187E+08   0.188112E+08   0.188124E+08   0.188115E+08  -0.474525E+00   0.102097E+08   0.102092E+08   0.175245E+03
   0.105053E-02   0.187957E+08   0.187936E+08   0.968782E+06   0.979761E+06   0.184654E+08   0.187940E+08   0.187954E+08   0.187942E+08  -0.474059E+00   0.101998E+08   0.101992E+08   0.169672E+03
   0.112648E-02   0.187743E+08   0.187720E+08   0.845066E+06   0.860998E+06   0.183985E+08   0.187724E+08   0.187740E+08   0.187726E+08  -0.473483E+00   0.101874E+08   0.101868E+08   0.162527E+03
   0.120243E-02   0.187519E+08   0.187496E+08   0.694428E+06   0.706838E+06   0.183284E+08   0.187498E+08   0.187516E+08   0.187500E+08  -0.472888E+00   0.101746E+08   0.101741E+08   0.155137E+03
   0.129104E-02   0.187247E+08   0.187223E+08   0.512299E+06   0.515742E+06   0.182433E+08   0.187224E+08   0.187244E+08   0.187225E+08  -0.472171E+00   0.101592E+08   0.101587E+08   0.146459E+03
   0.137965E-02   0.186965E+08   0.186940E+08   0.363923E+06   0.358394E+06   0.181550E+08   0.186938E+08   0.186961E+08   0.186939E+08  -0.471431E+00   0.101434E+08   0.101428E+08   0.137926E+03
   0.146826E-02   0.186673E+08   0.186647E+08   0.274042E+06   0.262478E+06   0.180639E+08   0.186643E+08   0.186669E+08   0.186644E+08  -0.470671E+00   0.101271E+08   0.101265E+08   0.129696E+03
   0.156952E-02   0.186328E+08   0.186302E+08   0.236551E+06   0.222317E+06   0.179569E+08   0.186296E+08   0.186324E+08   0.186296E+08  -0.469779E+00   0.101079E+08   0.101074E+08   0.120812E+03
   0.168345E-02   0.185929E+08   0.185903E+08   0.231100E+06   0.217719E+06   0.178332E+08   0.185893E+08   0.185925E+08   0.185893E+08  -0.468748E+00   0.100858E+08   0.100852E+08   0.111632E+03
   0.179737E-02   0.185517E+08   0.185491E+08   0.212133E+06   0.201693E+06   0.177069E+08   0.185478E+08   0.185513E+08   0.185478E+08  -0.467691E+00   0.100631E+08   0.100625E+08   0.103407E+03
   0.192395E-02   0.185048E+08   0.185022E+08   0.156645E+06   0.150530E+06   0.175641E+08   0.185005E+08   0.185044E+08   0.185005E+08  -0.466488E+00   0.100373E+08   0.100367E+08   0.954041E+02
   0.205054E-02   0.184568E+08   0.184541E+08   0.952074E+05   0.934510E+05   0.174195E+08   0.184520E+08   0.184564E+08   0.184520E+08  -0.465257E+00   0.100108E+08   0.100103E+08   0.885222E+02
   0.218977E-02   0.184027E+08   0.184001E+08   0.626578E+05   0.638008E+05   0.172593E+08   0.183975E+08   0.184023E+08   0.183975E+08  -0.463875E+00   0.998116E+07   0.998062E+07   0.820972E+02
   0.234167E-02   0.183425E+08   0.183398E+08   0.666595E+05   0.669699E+05   0.170839E+08   0.183368E+08   0.183421E+08   0.183368E+08  -0.462338E+00   0.994814E+07   0.994761E+07   0.762471E+02
   0.250623E-02   0.182760E+08   0.182733E+08   0.670859E+05  -0.587306E+05   0.168941E+08   0.182698E+08   0.182756E+08   0.182698E+08  -0.460642E+00   0.991173E+07   0.991119E+07   0.710131E+02
   0.268344E-02   0.182031E+08   0.182003E+08   0.412535E+05  -0.510263E+05   0.166908E+08   0.181963E+08   0.182027E+08   0.181963E+08  -0.458785E+00   0.987184E+07   0.987130E+07   0.663454E+02
   0.286065E-02   0.181291E+08   0.181262E+08   0.244342E+05  -0.447188E+05   0.164893E+08   0.181218E+08   0.181287E+08   0.181218E+08  -0.456901E+00   0.983137E+07   0.983083E+07   0.623784E+02
   0.306318E-02   0.180434E+08   0.180403E+08   0.299569E+05  -0.388180E+05   0.162621E+08   0.180354E+08   0.180429E+08   0.180354E+08  -0.454719E+00   0.978451E+07   0.978398E+07   0.584122E+02
   0.327836E-02   0.179512E+08   0.179480E+08   0.226537E+05  -0.337178E+05   0.160245E+08   0.179426E+08   0.179507E+08   0.179426E+08  -0.452375E+00   0.973416E+07   0.973362E+07   0.546473E+02
   0.349355E-02   0.178581E+08   0.178547E+08   0.726010E+04  -0.295395E+05   0.157908E+08   0.178489E+08   0.178576E+08   0.178489E+08  -0.450010E+00   0.968334E+07   0.968281E+07   0.512216E+02
   0.373405E-02   0.177532E+08   0.177497E+08   0.965471E+04  -0.257067E+05   0.155341E+08   0.177433E+08   0.177527E+08   0.177433E+08  -0.447346E+00   0.962613E+07   0.962559E+07   0.477402E+02
   0.399987E-02   0.176365E+08   0.176328E+08   0.402656E+04  -0.222579E+05   0.152556E+08   0.176259E+08   0.176360E+08   0.176259E+08  -0.444384E+00   0.956250E+07   0.956197E+07   0.443269E+02
   0.426568E-02   0.175193E+08   0.175154E+08  -0.252864E+03  -0.194419E+05   0.149818E+08   0.175080E+08   0.175188E+08   0.175080E+08  -0.441410E+00   0.949862E+07   0.949809E+07   0.413688E+02
   0.456947E-02   0.173850E+08   0.173809E+08   0.398424E+04  -0.168145E+05   0.146743E+08   0.173729E+08   0.173844E+08   0.173729E+08  -0.438003E+00   0.942541E+07   0.942488E+07   0.384913E+02
   0.488592E-02   0.172453E+08   0.172409E+08  -0.484980E+03  -0.145904E+05   0.143547E+08   0.172324E+08   0.172446E+08   0.172324E+08  -0.434459E+00   0.934929E+07   0.934877E+07   0.359499E+02
   0.521503E-02   0.170997E+08   0.170949E+08   0.445916E+04  -0.127004E+05   0.140289E+08   0.170860E+08   0.170990E+08   0.170860E+08  -0.430765E+00   0.926995E+07   0.926943E+07   0.336510E+02
   0.556945E-02   0.169431E+08   0.169380E+08  -0.841030E+03  -0.110349E+05   0.136855E+08   0.169286E+08   0.169424E+08   0.169286E+08  -0.426796E+00   0.918469E+07   0.918416E+07   0.314554E+02
   0.596184E-02   0.167704E+08   0.167649E+08   0.169329E+04  -0.953327E+04   0.133156E+08   0.167550E+08   0.167696E+08   0.167550E+08  -0.422418E+00   0.909064E+07   0.909011E+07   0.292992E+02
   0.636689E-02   0.165928E+08   0.165869E+08  -0.624699E+03  -0.827158E+04   0.129444E+08   0.165765E+08   0.165919E+08   0.165765E+08  -0.417918E+00   0.899396E+07   0.899343E+07   0.273593E+02
   0.680992E-02   0.164000E+08   0.163936E+08  -0.171416E+04  -0.714749E+04   0.125532E+08   0.163828E+08   0.163991E+08   0.163828E+08  -0.413033E+00   0.888900E+07   0.888848E+07   0.255381E+02
   0.727826E-02   0.161978E+08   0.161908E+08   0.741700E+02  -0.618114E+04   0.121536E+08   0.161797E+08   0.161967E+08   0.161797E+08  -0.407911E+00   0.877895E+07   0.877843E+07   0.238814E+02
   0.777192E-02   0.159866E+08   0.159790E+08  -0.122469E+04  -0.535117E+04   0.117463E+08   0.159676E+08   0.159855E+08   0.159676E+08  -0.402564E+00   0.866407E+07   0.866354E+07   0.223550E+02
   0.831621E-02   0.157562E+08   0.157479E+08  -0.132780E+04  -0.460719E+04   0.113126E+08   0.157362E+08   0.157550E+08   0.157362E+08  -0.396731E+00   0.853872E+07   0.853820E+07   0.208854E+02
   0.888581E-02   0.155179E+08   0.155088E+08  -0.200745E+04  -0.397524E+04   0.108768E+08   0.154970E+08   0.155166E+08   0.154970E+08  -0.390698E+00   0.840908E+07   0.840856E+07   0.195563E+02
   0.949339E-02   0.152670E+08   0.152570E+08  -0.137951E+04  -0.342711E+04   0.104340E+08   0.152451E+08   0.152655E+08   0.152451E+08  -0.384348E+00   0.827262E+07   0.827210E+07   0.183347E+02
   0.101516E-01   0.149990E+08   0.149880E+08  -0.111060E+04  -0.294517E+04   0.997943E+07   0.149762E+08   0.149974E+08   0.149762E+08  -0.377569E+00   0.812692E+07   0.812639E+07   0.171859E+02
   0.108478E-01   0.147200E+08   0.147079E+08  -0.115325E+04  -0.253188E+04   0.952430E+07   0.146963E+08   0.147182E+08   0.146963E+08  -0.370510E+00   0.797521E+07   0.797469E+07   0.161358E+02
   0.115946E-01   0.144256E+08   0.144122E+08  -0.148139E+04  -0.217244E+04   0.906156E+07   0.144010E+08   0.144236E+08   0.144010E+08  -0.363066E+00   0.781519E+07   0.781466E+07   0.151634E+02
   0.123920E-01   0.141168E+08   0.141021E+08  -0.113210E+04  -0.186161E+04   0.859464E+07   0.140913E+08   0.141146E+08   0.140913E+08  -0.355259E+00   0.764738E+07   0.764685E+07   0.142663E+02
   0.132528E-01   0.137899E+08   0.137736E+08  -0.567804E+03  -0.159038E+04   0.812137E+07   0.137635E+08   0.137875E+08   0.137635E+08  -0.346995E+00   0.746972E+07   0.746919E+07   0.134312E+02
   0.141641E-01   0.134507E+08   0.134328E+08  -0.635790E+03  -0.135842E+04   0.765298E+07   0.134236E+08   0.134481E+08   0.134236E+08  -0.338424E+00   0.728545E+07   0.728492E+07   0.126669E+02
   0.151388E-01   0.130958E+08   0.130761E+08  -0.676528E+03  -0.115809E+04   0.718637E+07   0.130680E+08   0.130929E+08   0.130680E+08  -0.329459E+00   0.709268E+07   0.709214E+07   0.119595E+02
   0.161767E-01   0.127266E+08   0.127050E+08  -0.489758E+03  -0.985928E+03   0.672563E+07   0.126981E+08   0.127234E+08   0.126981E+08  -0.320134E+00   0.689216E+07   0.689161E+07   0.113057E+02
   0.172906E-01   0.123403E+08   0.123166E+08  -0.545441E+03  -0.837032E+03   0.626828E+07   0.123111E+08   0.123368E+08   0.123111E+08  -0.310378E+00   0.668236E+07   0.668180E+07   0.106944E+02
   0.184805E-01   0.119387E+08   0.119128E+08  -0.538789E+03  -0.709081E+03   0.581802E+07   0.119090E+08   0.119349E+08   0.119090E+08  -0.300240E+00   0.646432E+07   0.646376E+07   0.101229E+02
   0.197589E-01   0.115199E+08   0.114917E+08  -0.418068E+03  -0.598708E+03   0.537533E+07   0.114898E+08   0.115157E+08   0.114898E+08  -0.289671E+00   0.623698E+07   0.623641E+07   0.958069E+01
   0.211260E-01   0.110866E+08   0.110560E+08  -0.369569E+03  -0.504180E+03   0.494406E+07   0.110561E+08   0.110821E+08   0.110561E+08  -0.278738E+00   0.600179E+07   0.600122E+07   0.906543E+01
   0.225690E-01   0.106455E+08   0.106125E+08  -0.274281E+03  -0.424316E+03   0.453103E+07   0.106148E+08   0.106406E+08   0.106148E+08  -0.267611E+00   0.576243E+07   0.576185E+07   0.857600E+01
   0.241259E-01   0.101885E+08   0.101530E+08  -0.194681E+03  -0.355481E+03   0.412915E+07   0.101577E+08   0.101833E+08   0.101577E+08  -0.256086E+00   0.551447E+07   0.551388E+07   0.809449E+01
   0.257841E-01   0.972356E+07   0.968578E+07  -0.238856E+03  -0.297111E+03   0.374590E+07   0.969274E+07   0.971797E+07   0.969274E+07  -0.244365E+00   0.526224E+07   0.526165E+07   0.762095E+01
   0.275688E-01   0.924850E+07   0.920858E+07  -0.108544E+03  -0.247261E+03   0.337872E+07   0.921782E+07   0.924260E+07   0.921782E+07  -0.232391E+00   0.500459E+07   0.500400E+07   0.714476E+01
   0.294675E-01   0.877232E+07   0.873055E+07  -0.115664E+03  -0.205339E+03   0.303400E+07   0.874192E+07   0.876614E+07   0.874192E+07  -0.220393E+00   0.474639E+07   0.474580E+07   0.666576E+01
   0.314928E-01   0.829777E+07   0.825456E+07  -0.111504E+03  -0.170100E+03   0.271182E+07   0.826780E+07   0.829137E+07   0.826780E+07  -0.208440E+00   0.448913E+07   0.448854E+07   0.617797E+01
   0.336573E-01   0.782865E+07   0.778453E+07  -0.855934E+02  -0.140544E+03   0.241278E+07   0.779927E+07   0.782212E+07   0.779927E+07  -0.196628E+00   0.423488E+07   0.423431E+07   0.567727E+01
   0.359737E-01   0.736968E+07   0.732530E+07  -0.555912E+02  -0.115847E+03   0.213751E+07   0.734104E+07   0.736311E+07   0.734104E+07  -0.185075E+00   0.398620E+07   0.398565E+07   0.516173E+01
   0.384546E-01   0.692620E+07   0.688234E+07  -0.500861E+02  -0.953070E+02   0.188651E+07   0.689845E+07   0.691971E+07   0.689845E+07  -0.173917E+00   0.374600E+07   0.374547E+07   0.463210E+01
   0.411001E-01   0.650568E+07   0.646320E+07  -0.471683E+02  -0.783895E+02   0.166091E+07   0.647895E+07   0.649939E+07   0.647895E+07  -0.163341E+00   0.351832E+07   0.351782E+07   0.409485E+01
   0.439355E-01   0.611087E+07   0.607068E+07  -0.346952E+02  -0.644545E+02   0.145917E+07   0.608530E+07   0.610493E+07   0.608530E+07  -0.153417E+00   0.330466E+07   0.330419E+07   0.355472E+01
   0.467835E-01   0.576701E+07   0.572977E+07  -0.297569E+02  -0.536628E+02   0.129063E+07   0.574261E+07   0.576150E+07   0.574261E+07  -0.144777E+00   0.311865E+07   0.311822E+07   0.305465E+01
   0.496188E-01   0.547066E+07   0.543680E+07  -0.338486E+02  -0.452667E+02   0.115034E+07   0.544742E+07   0.546565E+07   0.544742E+07  -0.137335E+00   0.295842E+07   0.295803E+07   0.260419E+01
   0.524669E-01   0.521214E+07   0.518190E+07  -0.295727E+02  -0.385834E+02   0.103159E+07   0.519003E+07   0.520767E+07   0.519003E+07  -0.130846E+00   0.281870E+07   0.281835E+07   0.220330E+01
   0.553022E-01   0.498662E+07   0.495998E+07  -0.183970E+02  -0.332349E+02   0.930991E+06   0.496557E+07   0.498268E+07   0.496557E+07  -0.125187E+00   0.269685E+07   0.269654E+07   0.185787E+01
   0.581502E-01   0.478515E+07   0.476193E+07  -0.210256E+02  -0.288521E+02   0.844015E+06   0.476508E+07   0.478172E+07   0.476508E+07  -0.120133E+00   0.258801E+07   0.258774E+07   0.156535E+01
   0.609983E-01   0.460237E+07   0.458221E+07  -0.154790E+02  -0.252254E+02   0.768211E+06   0.458320E+07   0.459939E+07   0.458320E+07  -0.115547E+00   0.248928E+07   0.248903E+07   0.132600E+01
   0.638336E-01   0.443340E+07   0.441582E+07  -0.200199E+02  -0.221935E+02   0.701555E+06   0.441505E+07   0.443080E+07   0.441505E+07  -0.111308E+00   0.239799E+07   0.239777E+07   0.113739E+01
   0.666816E-01   0.427208E+07   0.425654E+07   0.379750E+02  -0.196020E+02   0.641695E+06   0.425445E+07   0.426978E+07   0.425445E+07  -0.107259E+00   0.231080E+07   0.231060E+07   0.993173E+00
   0.695170E-01   0.411664E+07   0.410255E+07   0.336670E+02  -0.173825E+02   0.587892E+06   0.409965E+07   0.411455E+07   0.409965E+07  -0.103357E+00   0.222675E+07   0.222657E+07   0.888920E+00
   0.723650E-01   0.396301E+07   0.394982E+07   0.299073E+02  -0.154449E+02   0.538658E+06   0.394660E+07   0.396106E+07   0.394660E+07  -0.994980E-01   0.214365E+07   0.214347E+07   0.817129E+00
   0.752130E-01   0.381055E+07   0.379773E+07   0.266175E+02  -0.137491E+02   0.493573E+06   0.379465E+07   0.380865E+07   0.379465E+07  -0.956671E-01   0.206114E+07   0.206097E+07   0.771439E+00
   0.780484E-01   0.366019E+07   0.364732E+07   0.237407E+02  -0.122658E+02   0.452425E+06   0.364475E+07   0.365829E+07   0.364475E+07  -0.918879E-01   0.197975E+07   0.197957E+07   0.745136E+00
   0.808964E-01   0.351047E+07   0.349720E+07   0.211919E+02  -0.109512E+02   0.414458E+06   0.349544E+07   0.350851E+07   0.349544E+07  -0.881237E-01   0.189867E+07   0.189849E+07   0.731473E+00
   0.837318E-01   0.336365E+07   0.334978E+07   0.189510E+02  -0.979524E+01   0.379794E+06   0.334900E+07   0.336160E+07   0.334900E+07  -0.844319E-01   0.181915E+07   0.181897E+07   0.724831E+00
   0.865798E-01   0.322005E+07   0.320547E+07   0.169657E+02  -0.877078E+01   0.348001E+06   0.320577E+07   0.321790E+07   0.320577E+07  -0.808209E-01   0.174137E+07   0.174118E+07   0.720291E+00
   0.894278E-01   0.308232E+07   0.306704E+07   0.152199E+02  -0.786972E+01   0.319155E+06   0.306840E+07   0.308006E+07   0.306840E+07  -0.773575E-01   0.166676E+07   0.166657E+07   0.714051E+00
   0.922632E-01   0.295269E+07   0.293683E+07   0.136956E+02  -0.708281E+01   0.293250E+06   0.293912E+07   0.295034E+07   0.293912E+07  -0.740983E-01   0.159656E+07   0.159636E+07   0.703390E+00
   0.959213E-01   0.279820E+07   0.278185E+07   0.120060E+02  -0.621033E+01   0.263704E+06   0.278508E+07   0.279578E+07   0.278508E+07  -0.702149E-01   0.151290E+07   0.151271E+07   0.680406E+00
   0.995668E-01   0.265988E+07   0.264346E+07   0.105908E+02  -0.547929E+01   0.238237E+06   0.264723E+07   0.265745E+07   0.264723E+07  -0.667394E-01   0.143803E+07   0.143784E+07   0.646081E+00
   0.103212E+00   0.253824E+07   0.252217E+07   0.940433E+01  -0.486622E+01   0.216358E+06   0.252606E+07   0.253586E+07   0.252606E+07  -0.636846E-01   0.137222E+07   0.137204E+07   0.601318E+00
   0.106870E+00   0.243288E+07   0.241758E+07   0.840705E+01  -0.435077E+01   0.197580E+06   0.242118E+07   0.243061E+07   0.242118E+07  -0.610405E-01   0.131526E+07   0.131508E+07   0.548505E+00
   0.110516E+00   0.234283E+07   0.232864E+07   0.757053E+01  -0.391831E+01   0.181529E+06   0.233161E+07   0.234073E+07   0.233161E+07  -0.587823E-01   0.126661E+07   0.126645E+07   0.491517E+00
   0.114174E+00   0.226485E+07   0.225197E+07   0.685724E+01  -0.354947E+01   0.167594E+06   0.225409E+07   0.226295E+07   0.225409E+07  -0.568281E-01   0.122451E+07   0.122436E+07   0.433804E+00
   0.117819E+00   0.219662E+07   0.218513E+07   0.624571E+01  -0.323319E+01   0.155428E+06   0.218630E+07   0.219492E+07   0.218630E+07  -0.551190E-01   0.118769E+07   0.118756E+07   0.379374E+00
   0.121465E+00   0.213474E+07   0.212460E+07   0.571118E+01  -0.295671E+01   0.144586E+06   0.212484E+07   0.213324E+07   0.212484E+07  -0.535695E-01   0.115431E+07   0.115419E+07   0.330965E+00
   0.125123E+00   0.207599E+07   0.206703E+07   0.523419E+01  -0.270997E+01   0.134700E+06   0.206647E+07   0.207466E+07   0.206647E+07  -0.520979E-01   0.112260E+07   0.112250E+07   0.290463E+00
   0.128768E+00   0.201834E+07   0.201031E+07   0.480489E+01  -0.248789E+01   0.125594E+06   0.200916E+07   0.201715E+07   0.200916E+07  -0.506530E-01   0.109148E+07   0.109138E+07   0.259132E+00
   0.132427E+00   0.195971E+07   0.195234E+07   0.441114E+01  -0.228420E+01   0.117034E+06   0.195084E+07   0.195862E+07   0.195084E+07  -0.491827E-01   0.105980E+07   0.105971E+07   0.236731E+00
   0.136072E+00   0.189946E+07   0.189244E+07   0.404942E+01  -0.209706E+01   0.108974E+06   0.189087E+07   0.189842E+07   0.189087E+07  -0.476707E-01   0.102722E+07   0.102713E+07   0.222513E+00
   0.139718E+00   0.183710E+07   0.183016E+07   0.371458E+01  -0.192383E+01   0.101332E+06   0.182875E+07   0.183608E+07   0.182875E+07  -0.461047E-01   0.993484E+06   0.993394E+06   0.214845E+00
   0.143376E+00   0.177300E+07   0.176592E+07   0.340411E+01  -0.176320E+01   0.940849E+05   0.176486E+07   0.177195E+07   0.176486E+07  -0.444940E-01   0.958782E+06   0.958691E+06   0.211817E+00
   0.147021E+00   0.170873E+07   0.170138E+07   0.311978E+01  -0.161608E+01   0.873101E+05   0.170080E+07   0.170765E+07   0.170080E+07  -0.428790E-01   0.923985E+06   0.923892E+06   0.211437E+00
   0.150679E+00   0.164518E+07   0.163749E+07   0.285940E+01  -0.148134E+01   0.809915E+05   0.163744E+07   0.164405E+07   0.163744E+07  -0.412817E-01   0.889570E+06   0.889475E+06   0.211802E+00
   0.154325E+00   0.158413E+07   0.157612E+07   0.262449E+01  -0.135977E+01   0.751986E+05   0.157657E+07   0.158294E+07   0.157657E+07  -0.397471E-01   0.856506E+06   0.856408E+06   0.211340E+00
   0.157970E+00   0.152664E+07   0.151839E+07   0.241364E+01  -0.125063E+01   0.699268E+05   0.151927E+07   0.152542E+07   0.151927E+07  -0.383024E-01   0.825377E+06   0.825278E+06   0.208930E+00
   0.161628E+00   0.147357E+07   0.146522E+07   0.222532E+01  -0.115314E+01   0.651628E+05   0.146639E+07   0.147233E+07   0.146639E+07  -0.369692E-01   0.796653E+06   0.796554E+06   0.203924E+00
   0.165274E+00   0.142587E+07   0.141758E+07   0.205925E+01  -0.106715E+01   0.609206E+05   0.141889E+07   0.142465E+07   0.141889E+07  -0.357716E-01   0.770848E+06   0.770751E+06   0.196213E+00
   0.168932E+00   0.138334E+07   0.137525E+07   0.191219E+01  -0.990992E+00   0.571327E+05   0.137655E+07   0.138215E+07   0.137655E+07  -0.347042E-01   0.747850E+06   0.747756E+06   0.186022E+00
   0.172577E+00   0.134600E+07   0.133826E+07   0.178280E+01  -0.923975E+00   0.537756E+05   0.133940E+07   0.134486E+07   0.133940E+07  -0.337678E-01   0.727672E+06   0.727582E+06   0.174019E+00
   0.176223E+00   0.131310E+07   0.130580E+07   0.166803E+01  -0.864523E+00   0.507773E+05   0.130669E+07   0.131202E+07   0.130669E+07  -0.329431E-01   0.709902E+06   0.709817E+06   0.160959E+00
   0.179881E+00   0.128361E+07   0.127683E+07   0.156499E+01  -0.811135E+00   0.480653E+05   0.127739E+07   0.128261E+07   0.127739E+07  -0.322045E-01   0.693987E+06   0.693907E+06   0.147650E+00
   0.183526E+00   0.125665E+07   0.125039E+07   0.147191E+01  -0.762912E+00   0.455949E+05   0.125062E+07   0.125573E+07   0.125062E+07  -0.315294E-01   0.679439E+06   0.679365E+06   0.134989E+00
   0.187185E+00   0.123096E+07   0.122519E+07   0.138606E+01  -0.718431E+00   0.432932E+05   0.122509E+07   0.123010E+07   0.122509E+07  -0.308858E-01   0.665573E+06   0.665504E+06   0.123559E+00
   0.190830E+00   0.120581E+07   0.120047E+07   0.130641E+01  -0.677159E+00   0.411328E+05   0.120010E+07   0.120502E+07   0.120010E+07  -0.302558E-01   0.651998E+06   0.651932E+06   0.113908E+00
   0.194475E+00   0.118044E+07   0.117543E+07   0.123145E+01  -0.638321E+00   0.390740E+05   0.117488E+07   0.117970E+07   0.117488E+07  -0.296199E-01   0.638296E+06   0.638234E+06   0.106234E+00
   0.198134E+00   0.115428E+07   0.114951E+07   0.116011E+01  -0.601364E+00   0.370888E+05   0.114886E+07   0.115358E+07   0.114886E+07  -0.289640E-01   0.624162E+06   0.624102E+06   0.100532E+00
   0.201779E+00   0.112729E+07   0.112264E+07   0.109241E+01  -0.566287E+00   0.351791E+05   0.112200E+07   0.112661E+07   0.112200E+07  -0.282867E-01   0.609568E+06   0.609510E+06   0.966514E-01
   0.205437E+00   0.109932E+07   0.109471E+07   0.102767E+01  -0.532751E+00   0.333295E+05   0.109414E+07   0.109864E+07   0.109414E+07  -0.275845E-01   0.594436E+06   0.594378E+06   0.942267E-01
   0.209083E+00   0.107087E+07   0.106621E+07   0.966426E+00  -0.501022E+00   0.315585E+05   0.106579E+07   0.107018E+07   0.106579E+07  -0.268697E-01   0.579035E+06   0.578977E+06   0.928457E-01
   0.212728E+00   0.104229E+07   0.103755E+07   0.908629E+00  -0.471080E+00   0.298689E+05   0.103732E+07   0.104159E+07   0.103732E+07  -0.261518E-01   0.563566E+06   0.563508E+06   0.920398E-01
   0.216386E+00   0.101403E+07   0.100920E+07   0.854311E+00  -0.442939E+00   0.282658E+05   0.100915E+07   0.101331E+07   0.100915E+07  -0.254418E-01   0.548267E+06   0.548208E+06   0.913727E-01
   0.220032E+00   0.986804E+06   0.981885E+06   0.804012E+00  -0.416878E+00   0.267688E+05   0.982024E+06   0.986076E+06   0.982024E+06  -0.247579E-01   0.533529E+06   0.533469E+06   0.904831E-01
   0.223690E+00   0.960868E+06   0.955895E+06   0.757449E+00  -0.392751E+00   0.253730E+05   0.956184E+06   0.960133E+06   0.956184E+06  -0.241064E-01   0.519491E+06   0.519432E+06   0.890977E-01
   0.227335E+00   0.936723E+06   0.931744E+06   0.714898E+00  -0.370700E+00   0.240897E+05   0.932134E+06   0.935986E+06   0.932134E+06  -0.235001E-01   0.506426E+06   0.506367E+06   0.870755E-01
   0.230981E+00   0.914470E+06   0.909539E+06   0.676043E+00  -0.350563E+00   0.229118E+05   0.909977E+06   0.913740E+06   0.909977E+06  -0.229415E-01   0.494389E+06   0.494331E+06   0.843783E-01
   0.234639E+00   0.894105E+06   0.889278E+06   0.640532E+00  -0.332156E+00   0.218304E+05   0.889709E+06   0.893391E+06   0.889709E+06  -0.224305E-01   0.483378E+06   0.483321E+06   0.810610E-01
   0.238284E+00   0.875661E+06   0.870985E+06   0.608272E+00  -0.315433E+00   0.208441E+05   0.871361E+06   0.874969E+06   0.871361E+06  -0.219679E-01   0.473410E+06   0.473355E+06   0.772920E-01
   0.241942E+00   0.858742E+06   0.854254E+06   0.578625E+00  -0.300063E+00   0.199337E+05   0.854538E+06   0.858078E+06   0.854538E+06  -0.215438E-01   0.464271E+06   0.464218E+06   0.732394E-01
   0.245588E+00   0.843130E+06   0.838849E+06   0.551376E+00  -0.285935E+00   0.190931E+05   0.839018E+06   0.842496E+06   0.839018E+06  -0.211525E-01   0.455840E+06   0.455789E+06   0.691448E-01
   0.249233E+00   0.828417E+06   0.824347E+06   0.526034E+00  -0.272796E+00   0.183073E+05   0.824395E+06   0.827815E+06   0.824395E+06  -0.207839E-01   0.447895E+06   0.447846E+06   0.651991E-01
   0.252892E+00   0.814200E+06   0.810330E+06   0.502168E+00  -0.260422E+00   0.175627E+05   0.810265E+06   0.813628E+06   0.810265E+06  -0.204276E-01   0.440218E+06   0.440172E+06   0.615630E-01
   0.256537E+00   0.800239E+06   0.796544E+06   0.479638E+00  -0.248741E+00   0.168550E+05   0.796386E+06   0.799692E+06   0.796386E+06  -0.200777E-01   0.432678E+06   0.432633E+06   0.583853E-01
   0.260195E+00   0.786179E+06   0.782628E+06   0.458060E+00  -0.237553E+00   0.161721E+05   0.782403E+06   0.785654E+06   0.782403E+06  -0.197252E-01   0.425082E+06   0.425038E+06   0.557118E-01
   0.263841E+00   0.771969E+06   0.768524E+06   0.437438E+00  -0.226862E+00   0.155144E+05   0.768266E+06   0.771460E+06   0.768266E+06  -0.193688E-01   0.417402E+06   0.417359E+06   0.535714E-01
   0.267486E+00   0.757499E+06   0.754123E+06   0.417616E+00  -0.216586E+00   0.148772E+05   0.753865E+06   0.757000E+06   0.753865E+06  -0.190057E-01   0.409578E+06   0.409536E+06   0.519130E-01
   0.271144E+00   0.742735E+06   0.739396E+06   0.398496E+00  -0.206674E+00   0.142579E+05   0.739166E+06   0.742241E+06   0.739166E+06  -0.186351E-01   0.401592E+06   0.401551E+06   0.506519E-01
   0.274790E+00   0.727883E+06   0.724556E+06   0.380227E+00  -0.197203E+00   0.136619E+05   0.724376E+06   0.727391E+06   0.724376E+06  -0.182623E-01   0.393557E+06   0.393516E+06   0.496899E-01
   0.278448E+00   0.713005E+06   0.709674E+06   0.362724E+00  -0.188130E+00   0.130872E+05   0.709558E+06   0.712512E+06   0.709558E+06  -0.178887E-01   0.385507E+06   0.385466E+06   0.489025E-01
   0.282093E+00   0.698384E+06   0.695041E+06   0.346153E+00  -0.179539E+00   0.125398E+05   0.694994E+06   0.697889E+06   0.694994E+06  -0.175215E-01   0.377595E+06   0.377554E+06   0.481815E-01
   0.285739E+00   0.684144E+06   0.680794E+06   0.330489E+00  -0.171419E+00   0.120197E+05   0.680812E+06   0.683649E+06   0.680812E+06  -0.171640E-01   0.369890E+06   0.369849E+06   0.474258E-01
   0.289397E+00   0.670404E+06   0.667055E+06   0.315708E+00  -0.163756E+00   0.115266E+05   0.667127E+06   0.669908E+06   0.667127E+06  -0.168190E-01   0.362455E+06   0.362415E+06   0.465590E-01
   0.293042E+00   0.657381E+06   0.654050E+06   0.301916E+00  -0.156605E+00   0.110646E+05   0.654160E+06   0.656888E+06   0.654160E+06  -0.164921E-01   0.355411E+06   0.355371E+06   0.455428E-01
   0.296700E+00   0.645061E+06   0.641765E+06   0.288993E+00  -0.149904E+00   0.106303E+05   0.641895E+06   0.644573E+06   0.641895E+06  -0.161829E-01   0.348747E+06   0.348708E+06   0.443557E-01
   0.300346E+00   0.633545E+06   0.630304E+06   0.276984E+00  -0.143677E+00   0.102253E+05   0.630434E+06   0.633065E+06   0.630434E+06  -0.158939E-01   0.342521E+06   0.342482E+06   0.430184E-01
   0.303991E+00   0.622753E+06   0.619584E+06   0.265775E+00  -0.137864E+00   0.984612E+04   0.619697E+06   0.622284E+06   0.619697E+06  -0.156232E-01   0.336687E+06   0.336650E+06   0.415615E-01
   0.307649E+00   0.612566E+06   0.609480E+06   0.255249E+00  -0.132405E+00   0.948891E+04   0.609564E+06   0.612110E+06   0.609564E+06  -0.153678E-01   0.331182E+06   0.331145E+06   0.400280E-01
   0.311295E+00   0.602940E+06   0.599945E+06   0.245390E+00  -0.127291E+00   0.915320E+04   0.599990E+06   0.602497E+06   0.599990E+06  -0.151264E-01   0.325981E+06   0.325945E+06   0.384843E-01
   0.314953E+00   0.593684E+06   0.590783E+06   0.236045E+00  -0.122445E+00   0.883384E+04   0.590786E+06   0.593255E+06   0.590786E+06  -0.148943E-01   0.320981E+06   0.320946E+06   0.369750E-01
   0.318599E+00   0.584742E+06   0.581930E+06   0.227202E+00  -0.117858E+00   0.853043E+04   0.581894E+06   0.584326E+06   0.581894E+06  -0.146702E-01   0.316149E+06   0.316115E+06   0.355585E-01
   0.322244E+00   0.575969E+06   0.573238E+06   0.218761E+00  -0.113480E+00   0.823953E+04   0.573168E+06   0.575565E+06   0.573168E+06  -0.144502E-01   0.311409E+06   0.311376E+06   0.342657E-01
   0.325902E+00   0.567238E+06   0.564578E+06   0.210636E+00  -0.109266E+00   0.795825E+04   0.564484E+06   0.566844E+06   0.564484E+06  -0.142312E-01   0.306690E+06   0.306658E+06   0.331142E-01
   0.329548E+00   0.558539E+06   0.555937E+06   0.202843E+00  -0.105225E+00   0.768714E+04   0.555829E+06   0.558154E+06   0.555829E+06  -0.140130E-01   0.301988E+06   0.301957E+06   0.321180E-01
   0.333206E+00   0.549782E+06   0.547225E+06   0.195302E+00  -0.101314E+00   0.742352E+04   0.547114E+06   0.549404E+06   0.547114E+06  -0.137933E-01   0.297254E+06   0.297223E+06   0.312623E-01
   0.336851E+00   0.541038E+06   0.538514E+06   0.188057E+00  -0.975565E-01   0.716906E+04   0.538411E+06   0.540664E+06   0.538411E+06  -0.135739E-01   0.292525E+06   0.292494E+06   0.305341E-01
   0.340497E+00   0.532311E+06   0.529810E+06   0.181081E+00  -0.939390E-01   0.692294E+04   0.529723E+06   0.531941E+06   0.529723E+06  -0.133549E-01   0.287806E+06   0.287775E+06   0.299030E-01
   0.344155E+00   0.523616E+06   0.521132E+06   0.174355E+00  -0.904505E-01   0.668458E+04   0.521066E+06   0.523248E+06   0.521066E+06  -0.131366E-01   0.283102E+06   0.283072E+06   0.293358E-01
   0.347800E+00   0.515064E+06   0.512594E+06   0.167928E+00  -0.871178E-01   0.645597E+04   0.512551E+06   0.514698E+06   0.512551E+06  -0.129220E-01   0.278476E+06   0.278446E+06   0.288049E-01
   0.351458E+00   0.506659E+06   0.504203E+06   0.161765E+00  -0.839216E-01   0.623591E+04   0.504183E+06   0.506296E+06   0.504183E+06  -0.127110E-01   0.273930E+06   0.273900E+06   0.282784E-01
   0.355104E+00   0.498519E+06   0.496078E+06   0.155913E+00  -0.808865E-01   0.602627E+04   0.496079E+06   0.498158E+06   0.496079E+06  -0.125067E-01   0.269527E+06   0.269497E+06   0.277378E-01
   0.358749E+00   0.490658E+06   0.488238E+06   0.150350E+00  -0.780014E-01   0.582639E+04   0.488254E+06   0.490300E+06   0.488254E+06  -0.123094E-01   0.265275E+06   0.265246E+06   0.271668E-01
   0.362407E+00   0.483081E+06   0.480687E+06   0.145054E+00  -0.752545E-01   0.563556E+04   0.480711E+06   0.482727E+06   0.480711E+06  -0.121192E-01   0.261178E+06   0.261149E+06   0.265565E-01
   0.366053E+00   0.475849E+06   0.473488E+06   0.140050E+00  -0.726591E-01   0.545480E+04   0.473514E+06   0.475500E+06   0.473514E+06  -0.119378E-01   0.257268E+06   0.257239E+06   0.259121E-01
   0.369711E+00   0.468901E+06   0.466578E+06   0.135288E+00  -0.701887E-01   0.528231E+04   0.466601E+06   0.468558E+06   0.466601E+06  -0.117635E-01   0.253511E+06   0.253483E+06   0.252364E-01
   0.373356E+00   0.462259E+06   0.459978E+06   0.130780E+00  -0.678503E-01   0.511862E+04   0.459992E+06   0.461922E+06   0.459992E+06  -0.115969E-01   0.249921E+06   0.249893E+06   0.245459E-01
   0.377002E+00   0.455864E+06   0.453629E+06   0.126489E+00  -0.656244E-01   0.496241E+04   0.453630E+06   0.455534E+06   0.453630E+06  -0.114365E-01   0.246465E+06   0.246438E+06   0.238529E-01
   0.380660E+00   0.449657E+06   0.447467E+06   0.122380E+00  -0.634932E-01   0.481245E+04   0.447455E+06   0.449333E+06   0.447455E+06  -0.112808E-01   0.243110E+06   0.243083E+06   0.231700E-01
   0.384306E+00   0.443634E+06   0.441490E+06   0.118462E+00  -0.614605E-01   0.466902E+04   0.441464E+06   0.443317E+06   0.441464E+06  -0.111298E-01   0.239855E+06   0.239829E+06   0.225158E-01
   0.387964E+00   0.437712E+06   0.435610E+06   0.114687E+00  -0.595023E-01   0.453042E+04   0.435572E+06   0.437401E+06   0.435572E+06  -0.109812E-01   0.236653E+06   0.236628E+06   0.218964E-01
   0.391609E+00   0.431894E+06   0.429832E+06   0.111066E+00  -0.576239E-01   0.439706E+04   0.429785E+06   0.431589E+06   0.429785E+06  -0.108353E-01   0.233509E+06   0.233484E+06   0.213235E-01
   0.395255E+00   0.426136E+06   0.424109E+06   0.107573E+00  -0.558121E-01   0.426802E+04   0.424056E+06   0.425836E+06   0.424056E+06  -0.106909E-01   0.230397E+06   0.230372E+06   0.207980E-01
   0.398913E+00   0.420404E+06   0.418406E+06   0.104188E+00  -0.540563E-01   0.414257E+04   0.418351E+06   0.420108E+06   0.418351E+06  -0.105471E-01   0.227297E+06   0.227273E+06   0.203173E-01
   0.402558E+00   0.414732E+06   0.412760E+06   0.100930E+00  -0.523658E-01   0.402141E+04   0.412707E+06   0.414440E+06   0.412707E+06  -0.104048E-01   0.224231E+06   0.224207E+06   0.198806E-01
   0.406216E+00   0.409089E+06   0.407140E+06   0.977708E-01  -0.507273E-01   0.390361E+04   0.407090E+06   0.408801E+06   0.407090E+06  -0.102632E-01   0.221179E+06   0.221156E+06   0.194780E-01
   0.409862E+00   0.403526E+06   0.401596E+06   0.947327E-01  -0.491514E-01   0.378998E+04   0.401553E+06   0.403240E+06   0.401553E+06  -0.101236E-01   0.218171E+06   0.218147E+06   0.191038E-01
   0.413507E+00   0.398038E+06   0.396126E+06   0.918035E-01  -0.476319E-01   0.368011E+04   0.396091E+06   0.397755E+06   0.396091E+06  -0.998587E-02   0.215203E+06   0.215180E+06   0.187478E-01
   0.417165E+00   0.392627E+06   0.390731E+06   0.889736E-01  -0.461640E-01   0.357367E+04   0.390704E+06   0.392346E+06   0.390704E+06  -0.985006E-02   0.212277E+06   0.212254E+06   0.184005E-01
   0.420811E+00   0.387349E+06   0.385470E+06   0.862628E-01  -0.447578E-01   0.347147E+04   0.385451E+06   0.387071E+06   0.385451E+06  -0.971762E-02   0.209422E+06   0.209400E+06   0.180574E-01
   0.424469E+00   0.382186E+06   0.380325E+06   0.836518E-01  -0.434033E-01   0.337280E+04   0.380311E+06   0.381910E+06   0.380311E+06  -0.958805E-02   0.206630E+06   0.206608E+06   0.177111E-01
   0.428114E+00   0.377183E+06   0.375342E+06   0.811564E-01  -0.421088E-01   0.327829E+04   0.375332E+06   0.376910E+06   0.375332E+06  -0.946251E-02   0.203925E+06   0.203903E+06   0.173609E-01
   0.431760E+00   0.372324E+06   0.370504E+06   0.787636E-01  -0.408675E-01   0.318747E+04   0.370496E+06   0.372055E+06   0.370496E+06  -0.934061E-02   0.201298E+06   0.201276E+06   0.170049E-01
   0.435418E+00   0.367591E+06   0.365795E+06   0.764611E-01  -0.396731E-01   0.309989E+04   0.365787E+06   0.367325E+06   0.365787E+06  -0.922187E-02   0.198739E+06   0.198717E+06   0.166428E-01
   0.439063E+00   0.363012E+06   0.361241E+06   0.742599E-01  -0.385311E-01   0.301599E+04   0.361230E+06   0.362750E+06   0.361230E+06  -0.910699E-02   0.196263E+06   0.196242E+06   0.162799E-01
   0.442722E+00   0.358546E+06   0.356800E+06   0.721392E-01  -0.374309E-01   0.293500E+04   0.356786E+06   0.358287E+06   0.356786E+06  -0.899496E-02   0.193849E+06   0.193828E+06   0.159173E-01
   0.446367E+00   0.354210E+06   0.352490E+06   0.701076E-01  -0.363769E-01   0.285725E+04   0.352472E+06   0.353955E+06   0.352472E+06  -0.888620E-02   0.191505E+06   0.191484E+06   0.155614E-01
   0.450013E+00   0.349972E+06   0.348278E+06   0.681512E-01  -0.353619E-01   0.278221E+04   0.348256E+06   0.349721E+06   0.348256E+06  -0.877990E-02   0.189214E+06   0.189194E+06   0.152148E-01
   0.453671E+00   0.345802E+06   0.344133E+06   0.662576E-01  -0.343794E-01   0.270943E+04   0.344107E+06   0.345555E+06   0.344107E+06  -0.867529E-02   0.186960E+06   0.186940E+06   0.148797E-01
   0.457316E+00   0.341714E+06   0.340070E+06   0.644347E-01  -0.334337E-01   0.263921E+04   0.340040E+06   0.341471E+06   0.340040E+06  -0.857276E-02   0.184750E+06   0.184730E+06   0.145607E-01
   0.460974E+00   0.337672E+06   0.336050E+06   0.626660E-01  -0.325161E-01   0.257093E+04   0.336018E+06   0.337432E+06   0.336018E+06  -0.847136E-02   0.182565E+06   0.182545E+06   0.142571E-01
   0.464620E+00   0.333698E+06   0.332096E+06   0.609603E-01  -0.316312E-01   0.250493E+04   0.332063E+06   0.333461E+06   0.332063E+06  -0.837165E-02   0.180416E+06   0.180397E+06   0.139710E-01
   0.468265E+00   0.329773E+06   0.328191E+06   0.593089E-01  -0.307744E-01   0.244090E+04   0.328157E+06   0.329539E+06   0.328157E+06  -0.827318E-02   0.178294E+06   0.178275E+06   0.137008E-01
   0.471923E+00   0.325882E+06   0.324317E+06   0.577039E-01  -0.299417E-01   0.237852E+04   0.324285E+06   0.325650E+06   0.324285E+06  -0.817556E-02   0.176190E+06   0.176171E+06   0.134438E-01
   0.475569E+00   0.322052E+06   0.320505E+06   0.561548E-01  -0.291381E-01   0.231819E+04   0.320474E+06   0.321823E+06   0.320474E+06  -0.807948E-02   0.174120E+06   0.174101E+06   0.131995E-01
   0.479227E+00   0.318263E+06   0.316731E+06   0.546499E-01  -0.283573E-01   0.225946E+04   0.316703E+06   0.318036E+06   0.316703E+06  -0.798441E-02   0.172071E+06   0.172052E+06   0.129640E-01
   0.482872E+00   0.314547E+06   0.313030E+06   0.531992E-01  -0.276047E-01   0.220273E+04   0.313004E+06   0.314323E+06   0.313004E+06  -0.789117E-02   0.170062E+06   0.170043E+06   0.127362E-01
   0.486518E+00   0.310897E+06   0.309394E+06   0.517967E-01  -0.268770E-01   0.214778E+04   0.309371E+06   0.310675E+06   0.309371E+06  -0.779958E-02   0.168088E+06   0.168070E+06   0.125133E-01
   0.490176E+00   0.307305E+06   0.305817E+06   0.504367E-01  -0.261715E-01   0.209440E+04   0.305796E+06   0.307085E+06   0.305796E+06  -0.770945E-02   0.166146E+06   0.166127E+06   0.122926E-01
   0.493821E+00   0.303798E+06   0.302325E+06   0.491275E-01  -0.254923E-01   0.204291E+04   0.302306E+06   0.303580E+06   0.302306E+06  -0.762146E-02   0.164249E+06   0.164231E+06   0.120745E-01
   0.497479E+00   0.300353E+06   0.298896E+06   0.478588E-01  -0.248340E-01   0.199293E+04   0.298878E+06   0.300138E+06   0.298878E+06  -0.753504E-02   0.162387E+06   0.162369E+06   0.118569E-01
   0.501125E+00   0.296996E+06   0.295554E+06   0.466376E-01  -0.242004E-01   0.194475E+04   0.295537E+06   0.296782E+06   0.295537E+06  -0.745080E-02   0.160572E+06   0.160554E+06   0.116410E-01
   0.504770E+00   0.293712E+06   0.292287E+06   0.454581E-01  -0.235884E-01   0.189813E+04   0.292269E+06   0.293501E+06   0.292269E+06  -0.736841E-02   0.158796E+06   0.158779E+06   0.114267E-01
   0.508429E+00   0.290488E+06   0.289080E+06   0.443145E-01  -0.229951E-01   0.185286E+04   0.289061E+06   0.290279E+06   0.289061E+06  -0.728753E-02   0.157053E+06   0.157036E+06   0.112140E-01
   0.512074E+00   0.287342E+06   0.285950E+06   0.432127E-01  -0.224234E-01   0.180916E+04   0.285931E+06   0.287136E+06   0.285931E+06  -0.720861E-02   0.155352E+06   0.155335E+06   0.110054E-01
   0.515732E+00   0.284245E+06   0.282870E+06   0.421427E-01  -0.218683E-01   0.176667E+04   0.282849E+06   0.284042E+06   0.282849E+06  -0.713093E-02   0.153678E+06   0.153662E+06   0.108003E-01
   0.519378E+00   0.281214E+06   0.279855E+06   0.411100E-01  -0.213325E-01   0.172558E+04   0.279833E+06   0.281013E+06   0.279833E+06  -0.705489E-02   0.152039E+06   0.152023E+06   0.106011E-01
   0.523023E+00   0.278233E+06   0.276890E+06   0.401092E-01  -0.208132E-01   0.168569E+04   0.276867E+06   0.278034E+06   0.276867E+06  -0.698010E-02   0.150428E+06   0.150411E+06   0.104079E-01
   0.526681E+00   0.275288E+06   0.273961E+06   0.391353E-01  -0.203079E-01   0.164681E+04   0.273936E+06   0.275091E+06   0.273936E+06  -0.690622E-02   0.148836E+06   0.148820E+06   0.102205E-01
   0.530327E+00   0.272397E+06   0.271084E+06   0.381937E-01  -0.198193E-01   0.160917E+04   0.271059E+06   0.272202E+06   0.271059E+06  -0.683369E-02   0.147273E+06   0.147257E+06   0.100405E-01
   0.533985E+00   0.269536E+06   0.268238E+06   0.372766E-01  -0.193434E-01   0.157244E+04   0.268213E+06   0.269344E+06   0.268213E+06  -0.676193E-02   0.145726E+06   0.145710E+06   0.986638E-02
   0.537630E+00   0.266724E+06   0.265439E+06   0.363890E-01  -0.188829E-01   0.153683E+04   0.265414E+06   0.266534E+06   0.265414E+06  -0.669137E-02   0.144205E+06   0.144190E+06   0.969910E-02
   0.541276E+00   0.263949E+06   0.262677E+06   0.355270E-01  -0.184357E-01   0.150219E+04   0.262653E+06   0.263761E+06   0.262653E+06  -0.662176E-02   0.142705E+06   0.142690E+06   0.953745E-02
   0.544934E+00   0.261204E+06   0.259945E+06   0.346871E-01  -0.179999E-01   0.146839E+04   0.259921E+06   0.261018E+06   0.259921E+06  -0.655289E-02   0.141221E+06   0.141206E+06   0.938022E-02
   0.548579E+00   0.258510E+06   0.257262E+06   0.338744E-01  -0.175782E-01   0.143563E+04   0.257240E+06   0.258325E+06   0.257240E+06  -0.648529E-02   0.139764E+06   0.139749E+06   0.922781E-02
   0.552237E+00   0.255848E+06   0.254613E+06   0.330829E-01  -0.171675E-01   0.140368E+04   0.254591E+06   0.255665E+06   0.254591E+06  -0.641851E-02   0.138325E+06   0.138310E+06   0.907843E-02
   0.555883E+00   0.253238E+06   0.252014E+06   0.323173E-01  -0.167703E-01   0.137273E+04   0.251994E+06   0.253057E+06   0.251994E+06  -0.635302E-02   0.136914E+06   0.136899E+06   0.893251E-02
   0.559528E+00   0.250670E+06   0.249458E+06   0.315741E-01  -0.163847E-01   0.134264E+04   0.249438E+06   0.250491E+06   0.249438E+06  -0.628861E-02   0.135526E+06   0.135511E+06   0.878903E-02
   0.563186E+00   0.248137E+06   0.246937E+06   0.308503E-01  -0.160091E-01   0.131329E+04   0.246918E+06   0.247960E+06   0.246918E+06  -0.622506E-02   0.134156E+06   0.134142E+06   0.864718E-02
   0.566832E+00   0.245658E+06   0.244470E+06   0.301504E-01  -0.156460E-01   0.128488E+04   0.244451E+06   0.245482E+06   0.244451E+06  -0.616286E-02   0.132816E+06   0.132801E+06   0.850779E-02
   0.570490E+00   0.243214E+06   0.242038E+06   0.294688E-01  -0.152923E-01   0.125717E+04   0.242019E+06   0.243040E+06   0.242019E+06  -0.610155E-02   0.131494E+06   0.131480E+06   0.836989E-02
   0.574136E+00   0.240822E+06   0.239657E+06   0.288096E-01  -0.149502E-01   0.123033E+04   0.239638E+06   0.240649E+06   0.239638E+06  -0.604153E-02   0.130201E+06   0.130187E+06   0.823453E-02
   0.577781E+00   0.238469E+06   0.237316E+06   0.281693E-01  -0.146180E-01   0.120423E+04   0.237297E+06   0.238299E+06   0.237297E+06  -0.598252E-02   0.128929E+06   0.128915E+06   0.810140E-02
   0.581439E+00   0.236148E+06   0.235006E+06   0.275451E-01  -0.142941E-01   0.117876E+04   0.234987E+06   0.235979E+06   0.234987E+06  -0.592427E-02   0.127674E+06   0.127660E+06   0.797027E-02
   0.585085E+00   0.233871E+06   0.232741E+06   0.269407E-01  -0.139805E-01   0.115405E+04   0.232721E+06   0.233704E+06   0.232721E+06  -0.586715E-02   0.126443E+06   0.126429E+06   0.784230E-02
   0.588743E+00   0.231622E+06   0.230504E+06   0.263511E-01  -0.136745E-01   0.112992E+04   0.230484E+06   0.231457E+06   0.230484E+06  -0.581074E-02   0.125227E+06   0.125214E+06   0.771681E-02
   0.592388E+00   0.229415E+06   0.228308E+06   0.257797E-01  -0.133781E-01   0.110651E+04   0.228287E+06   0.229251E+06   0.228287E+06  -0.575537E-02   0.124034E+06   0.124020E+06   0.759482E-02
   0.596034E+00   0.227240E+06   0.226143E+06   0.252238E-01  -0.130896E-01   0.108370E+04   0.226123E+06   0.227077E+06   0.226123E+06  -0.570079E-02   0.122858E+06   0.122845E+06   0.747596E-02
   0.599692E+00   0.225087E+06   0.224001E+06   0.246810E-01  -0.128080E-01   0.106140E+04   0.223980E+06   0.224926E+06   0.223980E+06  -0.564678E-02   0.121694E+06   0.121681E+06   0.735983E-02
   0.603337E+00   0.222970E+06   0.221895E+06   0.241543E-01  -0.125347E-01   0.103974E+04   0.221874E+06   0.222811E+06   0.221874E+06  -0.559369E-02   0.120550E+06   0.120537E+06   0.724714E-02
   0.606995E+00   0.220876E+06   0.219810E+06   0.236399E-01  -0.122677E-01   0.101854E+04   0.219790E+06   0.220718E+06   0.219790E+06  -0.554114E-02   0.119417E+06   0.119404E+06   0.713698E-02
   0.610641E+00   0.218817E+06   0.217761E+06   0.231407E-01  -0.120087E-01   0.997961E+03   0.217742E+06   0.218661E+06   0.217742E+06  -0.548949E-02   0.118304E+06   0.118291E+06   0.702994E-02
   0.614286E+00   0.216788E+06   0.215741E+06   0.226548E-01  -0.117566E-01   0.977896E+03   0.215722E+06   0.216633E+06   0.215722E+06  -0.543858E-02   0.117207E+06   0.117194E+06   0.692542E-02
   0.617944E+00   0.214779E+06   0.213743E+06   0.221799E-01  -0.115102E-01   0.958267E+03   0.213723E+06   0.214626E+06   0.213723E+06  -0.538819E-02   0.116121E+06   0.116108E+06   0.682282E-02
   0.621590E+00   0.212806E+06   0.211779E+06   0.217191E-01  -0.112711E-01   0.939195E+03   0.211760E+06   0.212654E+06   0.211760E+06  -0.533869E-02   0.115054E+06   0.115042E+06   0.672266E-02
   0.625248E+00   0.210854E+06   0.209836E+06   0.212688E-01  -0.110374E-01   0.920536E+03   0.209817E+06   0.210704E+06   0.209817E+06  -0.528972E-02   0.113999E+06   0.113987E+06   0.662403E-02
   0.628893E+00   0.208938E+06   0.207929E+06   0.208319E-01  -0.108107E-01   0.902408E+03   0.207911E+06   0.208789E+06   0.207911E+06  -0.524164E-02   0.112963E+06   0.112951E+06   0.652750E-02
   0.632539E+00   0.207051E+06   0.206050E+06   0.204064E-01  -0.105899E-01   0.884738E+03   0.206032E+06   0.206903E+06   0.206032E+06  -0.519429E-02   0.111942E+06   0.111930E+06   0.643262E-02
   0.636197E+00   0.205185E+06   0.204194E+06   0.199907E-01  -0.103742E-01   0.867453E+03   0.204176E+06   0.205038E+06   0.204176E+06  -0.514749E-02   0.110934E+06   0.110922E+06   0.633901E-02
   0.639843E+00   0.203354E+06   0.202371E+06   0.195871E-01  -0.101648E-01   0.850655E+03   0.202353E+06   0.203208E+06   0.202353E+06  -0.510154E-02   0.109944E+06   0.109932E+06   0.624728E-02
   0.643501E+00   0.201542E+06   0.200569E+06   0.191925E-01  -0.996002E-02   0.834214E+03   0.200551E+06   0.201398E+06   0.200551E+06  -0.505610E-02   0.108964E+06   0.108952E+06   0.615680E-02
   0.647146E+00   0.199763E+06   0.198798E+06   0.188094E-01  -0.976120E-02   0.818231E+03   0.198781E+06   0.199620E+06   0.198781E+06  -0.501147E-02   0.108002E+06   0.107991E+06   0.606823E-02
   0.650792E+00   0.198010E+06   0.197054E+06   0.184360E-01  -0.956745E-02   0.802640E+03   0.197036E+06   0.197869E+06   0.197036E+06  -0.496749E-02   0.107055E+06   0.107043E+06   0.598129E-02
   0.654450E+00   0.196276E+06   0.195328E+06   0.180708E-01  -0.937796E-02   0.787375E+03   0.195311E+06   0.196136E+06   0.195311E+06  -0.492399E-02   0.106117E+06   0.106106E+06   0.589575E-02
   0.658095E+00   0.194572E+06   0.193633E+06   0.177160E-01  -0.919385E-02   0.772528E+03   0.193615E+06   0.194433E+06   0.193615E+06  -0.488124E-02   0.105196E+06   0.105184E+06   0.581221E-02
   0.661753E+00   0.192885E+06   0.191954E+06   0.173688E-01  -0.901366E-02   0.757982E+03   0.191936E+06   0.192747E+06   0.191936E+06  -0.483892E-02   0.104284E+06   0.104273E+06   0.573010E-02
   0.665399E+00   0.191226E+06   0.190303E+06   0.170312E-01  -0.883849E-02   0.743826E+03   0.190285E+06   0.191090E+06   0.190285E+06  -0.479730E-02   0.103387E+06   0.103376E+06   0.564999E-02
   0.669044E+00   0.189589E+06   0.188674E+06   0.167019E-01  -0.866759E-02   0.730001E+03   0.188656E+06   0.189453E+06   0.188656E+06  -0.475622E-02   0.102502E+06   0.102490E+06   0.557157E-02
   0.672702E+00   0.187967E+06   0.187060E+06   0.163794E-01  -0.850027E-02   0.716452E+03   0.187043E+06   0.187833E+06   0.187043E+06  -0.471555E-02   0.101625E+06   0.101614E+06   0.549454E-02
   0.676348E+00   0.186373E+06   0.185474E+06   0.160659E-01  -0.833757E-02   0.703264E+03   0.185456E+06   0.186240E+06   0.185456E+06  -0.467555E-02   0.100763E+06   0.100752E+06   0.541938E-02
   0.680006E+00   0.184794E+06   0.183902E+06   0.157588E-01  -0.817823E-02   0.690337E+03   0.183885E+06   0.184662E+06   0.183885E+06  -0.463594E-02   0.999094E+05   0.998985E+05   0.534549E-02
   0.683651E+00   0.183241E+06   0.182356E+06   0.154601E-01  -0.802323E-02   0.677749E+03   0.182339E+06   0.183110E+06   0.182339E+06  -0.459696E-02   0.990694E+05   0.990586E+05   0.527330E-02
   0.687297E+00   0.181707E+06   0.180830E+06   0.151685E-01  -0.787191E-02   0.665446E+03   0.180813E+06   0.181577E+06   0.180813E+06  -0.455849E-02   0.982403E+05   0.982295E+05   0.520248E-02
   0.690955E+00   0.180188E+06   0.179318E+06   0.148829E-01  -0.772368E-02   0.653384E+03   0.179302E+06   0.180059E+06   0.179302E+06  -0.452038E-02   0.974191E+05   0.974085E+05   0.513272E-02
   0.694600E+00   0.178695E+06   0.177832E+06   0.146050E-01  -0.757949E-02   0.641640E+03   0.177816E+06   0.178567E+06   0.177816E+06  -0.448292E-02   0.966118E+05   0.966012E+05   0.506445E-02
   0.698259E+00   0.177216E+06   0.176361E+06   0.143328E-01  -0.743823E-02   0.630126E+03   0.176344E+06   0.177090E+06   0.176344E+06  -0.444583E-02   0.958124E+05   0.958020E+05   0.499714E-02
   0.701904E+00   0.175762E+06   0.174914E+06   0.140679E-01  -0.730078E-02   0.618910E+03   0.174898E+06   0.175637E+06   0.174898E+06  -0.440935E-02   0.950263E+05   0.950159E+05   0.493120E-02
   0.705550E+00   0.174327E+06   0.173485E+06   0.138092E-01  -0.716653E-02   0.607945E+03   0.173469E+06   0.174203E+06   0.173469E+06  -0.437335E-02   0.942503E+05   0.942400E+05   0.486638E-02
   0.709208E+00   0.172906E+06   0.172071E+06   0.135557E-01  -0.703496E-02   0.597188E+03   0.172055E+06   0.172782E+06   0.172055E+06  -0.433768E-02   0.934818E+05   0.934715E+05   0.480242E-02
   0.712853E+00   0.171508E+06   0.170680E+06   0.133089E-01  -0.690690E-02   0.586711E+03   0.170664E+06   0.171385E+06   0.170664E+06  -0.430261E-02   0.927259E+05   0.927158E+05   0.473977E-02
   0.716511E+00   0.170123E+06   0.169302E+06   0.130670E-01  -0.678138E-02   0.576432E+03   0.169286E+06   0.170002E+06   0.169286E+06  -0.426788E-02   0.919775E+05   0.919675E+05   0.467799E-02
   0.720157E+00   0.168762E+06   0.167947E+06   0.128315E-01  -0.665918E-02   0.566416E+03   0.167931E+06   0.168641E+06   0.167931E+06  -0.423372E-02   0.912413E+05   0.912314E+05   0.461750E-02
   0.723802E+00   0.167417E+06   0.166609E+06   0.126014E-01  -0.653975E-02   0.556619E+03   0.166593E+06   0.167298E+06   0.166593E+06  -0.419999E-02   0.905144E+05   0.905045E+05   0.455807E-02
   0.727460E+00   0.166084E+06   0.165283E+06   0.123757E-01  -0.642261E-02   0.547002E+03   0.165267E+06   0.165966E+06   0.165267E+06  -0.416656E-02   0.897939E+05   0.897840E+05   0.449950E-02
   0.731106E+00   0.164773E+06   0.163977E+06   0.121558E-01  -0.630851E-02   0.537625E+03   0.163962E+06   0.164655E+06   0.163962E+06  -0.413365E-02   0.890847E+05   0.890750E+05   0.444219E-02
   0.734764E+00   0.163473E+06   0.162684E+06   0.119401E-01  -0.619659E-02   0.528420E+03   0.162669E+06   0.163356E+06   0.162669E+06  -0.410105E-02   0.883821E+05   0.883724E+05   0.438572E-02
   0.738409E+00   0.162194E+06   0.161411E+06   0.117300E-01  -0.608756E-02   0.519446E+03   0.161396E+06   0.162078E+06   0.161396E+06  -0.406896E-02   0.876906E+05   0.876810E+05   0.433048E-02
   0.742055E+00   0.160931E+06   0.160154E+06   0.115246E-01  -0.598094E-02   0.510664E+03   0.160139E+06   0.160816E+06   0.160139E+06  -0.403726E-02   0.870075E+05   0.869980E+05   0.427623E-02
   0.745713E+00   0.159678E+06   0.158907E+06   0.113229E-01  -0.587631E-02   0.502037E+03   0.158892E+06   0.159564E+06   0.158892E+06  -0.400584E-02   0.863302E+05   0.863207E+05   0.422277E-02
   0.749358E+00   0.158444E+06   0.157680E+06   0.111264E-01  -0.577432E-02   0.493620E+03   0.157664E+06   0.158331E+06   0.157664E+06  -0.397489E-02   0.856632E+05   0.856538E+05   0.417043E-02
   0.753017E+00   0.157221E+06   0.156462E+06   0.109335E-01  -0.567422E-02   0.485354E+03   0.156447E+06   0.157109E+06   0.156447E+06  -0.394421E-02   0.850020E+05   0.849927E+05   0.411882E-02
   0.756662E+00   0.156018E+06   0.155264E+06   0.107455E-01  -0.557665E-02   0.477291E+03   0.155250E+06   0.155906E+06   0.155250E+06  -0.391401E-02   0.843512E+05   0.843419E+05   0.406828E-02
   0.760307E+00   0.154828E+06   0.154081E+06   0.105616E-01  -0.548121E-02   0.469398E+03   0.154066E+06   0.154718E+06   0.154066E+06  -0.388417E-02   0.837083E+05   0.836991E+05   0.401860E-02
   0.763966E+00   0.153650E+06   0.152908E+06   0.103810E-01  -0.538751E-02   0.461641E+03   0.152893E+06   0.153540E+06   0.152893E+06  -0.385460E-02   0.830708E+05   0.830618E+05   0.396957E-02
   0.767611E+00   0.152488E+06   0.151752E+06   0.102049E-01  -0.529614E-02   0.454072E+03   0.151738E+06   0.152379E+06   0.151738E+06  -0.382547E-02   0.824431E+05   0.824341E+05   0.392150E-02
   0.771269E+00   0.151337E+06   0.150606E+06   0.100320E-01  -0.520641E-02   0.446633E+03   0.150592E+06   0.151229E+06   0.150592E+06  -0.379658E-02   0.818206E+05   0.818116E+05   0.387405E-02
   0.774915E+00   0.150203E+06   0.149478E+06   0.986342E-02  -0.511891E-02   0.439374E+03   0.149464E+06   0.150096E+06   0.149464E+06  -0.376814E-02   0.812077E+05   0.811988E+05   0.382754E-02
   0.778560E+00   0.149083E+06   0.148364E+06   0.969841E-02  -0.503328E-02   0.432264E+03   0.148349E+06   0.148977E+06   0.148349E+06  -0.374005E-02   0.806022E+05   0.805934E+05   0.378177E-02
   0.782218E+00   0.147973E+06   0.147259E+06   0.953635E-02  -0.494917E-02   0.425277E+03   0.147245E+06   0.147867E+06   0.147245E+06  -0.371219E-02   0.800019E+05   0.799931E+05   0.373659E-02
   0.785864E+00   0.146879E+06   0.146170E+06   0.937824E-02  -0.486713E-02   0.418455E+03   0.146156E+06   0.146774E+06   0.146156E+06  -0.368475E-02   0.794106E+05   0.794019E+05   0.369228E-02
   0.789522E+00   0.145794E+06   0.145091E+06   0.922290E-02  -0.478651E-02   0.411747E+03   0.145077E+06   0.145690E+06   0.145077E+06  -0.365754E-02   0.788240E+05   0.788154E+05   0.364854E-02
   0.793167E+00   0.144726E+06   0.144027E+06   0.907133E-02  -0.470785E-02   0.405197E+03   0.144013E+06   0.144622E+06   0.144013E+06  -0.363072E-02   0.782462E+05   0.782376E+05   0.360566E-02
   0.796813E+00   0.143669E+06   0.142976E+06   0.892291E-02  -0.463083E-02   0.398779E+03   0.142962E+06   0.143567E+06   0.142962E+06  -0.360422E-02   0.776751E+05   0.776666E+05   0.356347E-02
   0.800471E+00   0.142622E+06   0.141933E+06   0.877707E-02  -0.455515E-02   0.392469E+03   0.141920E+06   0.142520E+06   0.141920E+06  -0.357794E-02   0.771087E+05   0.771003E+05   0.352183E-02
   0.804116E+00   0.141590E+06   0.140906E+06   0.863473E-02  -0.448128E-02   0.386305E+03   0.140893E+06   0.141489E+06   0.140893E+06  -0.355205E-02   0.765508E+05   0.765424E+05   0.348101E-02
   0.888848E+00   0.120556E+06   0.119974E+06   0.601704E-02  -0.312281E-02   0.272121E+03   0.119962E+06   0.120470E+06   0.119962E+06  -0.302436E-02   0.651785E+05   0.651713E+05   0.269169E-02
   0.103078E+01   0.948342E+05   0.943765E+05   0.351948E-02  -0.182663E-02   0.161386E+03   0.943668E+05   0.947665E+05   0.943668E+05  -0.237909E-02   0.512721E+05   0.512665E+05   0.183942E-02
   0.119538E+01   0.744188E+05   0.740596E+05   0.205358E-02  -0.106584E-02   0.952588E+02   0.740519E+05   0.743657E+05   0.740519E+05  -0.186693E-02   0.402345E+05   0.402300E+05   0.125711E-02
   0.138626E+01   0.582673E+05   0.579860E+05   0.119556E-02  -0.620527E-03   0.559892E+02   0.579800E+05   0.582257E+05   0.579800E+05  -0.146174E-02   0.315022E+05   0.314986E+05   0.860169E-03
   0.160763E+01   0.455249E+05   0.453051E+05   0.694569E-03  -0.360504E-03   0.327819E+02   0.453004E+05   0.454924E+05   0.453004E+05  -0.114207E-02   0.246130E+05   0.246102E+05   0.589869E-03
   0.186434E+01   0.354989E+05   0.353274E+05   0.402714E-03  -0.209025E-03   0.191278E+02   0.353237E+05   0.354735E+05   0.353237E+05  -0.890549E-03   0.191924E+05   0.191902E+05   0.406047E-03
   0.216205E+01   0.276297E+05   0.274961E+05   0.233062E-03  -0.120971E-03   0.111261E+02   0.274933E+05   0.276099E+05   0.274933E+05  -0.693136E-03   0.149380E+05   0.149361E+05   0.281031E-03
